0.189984
0.215827
0.199194
0.197854
0.20633
0.201133
0.206115
0.243222
0.221491
0.235665
0.205577
0.243953
0.197231
0.200857
0.218721
0.210346
0.201131
0.192863
0.18683
0.185463
0.193342
0.209528
0.194246
0.201668
0.2073
0.232048
0.231408
0.232124
0.240745
0.244087
0.236293
0.242278
0.234911
0.24783
0.224327
0.221119
0.215014
0.212198
0.228626
0.244234
0.233607
0.238764
0.232355
0.24246
0.242863
0.233424
0.255154
0.244484
0.247691
0.238124
0.24187
0.229171
0.220284
0.22712
0.224595
0.228287
0.242982
0.308854
0.30211
0.278833
0.259245
